0.589592018630356 1.89207028737292 1
0.653746016323566 1.14174156449735 1
1.85133408056572 1.26878202706575 1
1.42379241809249 0.353029525838792 1
1.97400217968971 0.345799547154456 1
0.0925261336378753 0.806346449069679 1
0.874663651455194 0.496629742905498 1
0.29530610376969 0.154952864162624 1
0.518170027062297 1.50850439723581 1
1.35980634298176 0.249446285888553 1
0.758024463895708 1.72783867316321 1
0.987484068144113 1.64274864364415 1
1.94441610621288 0.779074966907501 1
0.0176777858287096 1.93965242709965 1
1.26646082801744 1.84331752452999 1
0.715681611560285 1.25394527614117 1
1.4215827723965 0.752986745443195 1
0.819184987805784 0.0959727102890611 1
0.836010623257607 1.91723992070183 1
0.971338686998934 1.07815123815089 1
0.624261259101331 0.111173694487661 1
0.133430385030806 0.641179807018489 1
1.28312831511721 0.434609672985971 1
1.72529338113964 0.249973391648382 1
0.67012193473056 0.86463976977393 1
0.436645715031773 1.12393764266744 1
0.865798716899008 1.240605476778 1
1.79526233486831 0.73149468190968 1
1.11878935899585 1.02274389425293 1
0.768756701145321 0.709401607047766 1
0.263235338497907 1.97069593938068 1
1.44738104008138 1.30203432729468 1
1.74485089210793 1.98577137384564 1
0.532815644517541 1.96312390640378 1
0.401803590822965 0.239739630371332 1
0.0413298266939819 1.91528881667182 1
1.51440623169765 0.529492193367332 1
0.102510598022491 0.371965735219419 1
1.12230518367141 1.32728691259399 1
0.680866105481982 0.825916391797364 1
0.514253820758313 1.51411210326478 1
0.194881176110357 0.665448679588735 1
0.955171767156571 1.3365924837999 1
0.764436973258853 1.47137622814626 1
0.881542474031448 0.841799082234502 1
1.73850479722023 0.613536652643234 1
1.13188704615459 0.0904288864694536 1
0.257861528079957 0.952823108527809 1
0.139116671867669 1.96754916617647 1
1.46835603564978 0.0192385800182819 1
0.426956343464553 0.475698477588594 1
1.07837119093165 1.86138884956017 1
0.78469819156453 1.69011174468324 1
1.68924353411421 1.36754393344745 1
0.572700429707766 0.953222665470093 1
1.85542053170502 1.35904450528324 1
0.290062241721898 0.108911398332566 1
1.38788938475773 1.61958834854886 1
0.904843567404896 1.5489404485561 1
1.95448629325256 0.0640038005076349 1
0.637021428905427 0.336415843572468 1
0.0565728936344385 0.696232255548239 1
1.97693943185732 0.265500974375755 1
0.251510931178927 0.612350853160024 1
1.87976340716705 1.24326617596671 1
0.0230302358977497 0.181360701099038 1
1.90618501463905 1.47729980619624 1
0.0283000087365508 1.14692932739854 1
1.11871067993343 1.88957483321428 1
1.17050724150613 1.75978858815506 1
0.0871531367301941 1.66045053116977 1
1.9763119793497 1.99910472193733 1
1.61002286477014 1.5055385325104 1
1.40841588703915 1.20200493652374 1
1.60599899897352 0.40227776626125 1
0.16839175671339 0.0450706728734076 1
1.51103724678978 1.99026633286849 1
1.8846197607927 0.525727541651577 1
1.9069124031812 0.925300561822951 1
0.331731230486184 0.568221727851778 1
1.481634917669 0.574917167890817 1
1.60308493161574 1.38317052088678 1
1.37472822610289 1.84875157289207 1
1.14092633174732 1.60631887195632 1
1.57423515664414 1.7959670573473 1
1.83386278199032 0.707866748794913 1
0.208622109610587 1.47942481283098 1
1.77315375953913 1.49006304750219 1
1.45019173296168 1.29643578222021 1
0.683790129609406 1.30040315724909 1
0.526655878406018 1.61664966540411 1
0.0487533784471452 1.44711246853694 1
1.22493762522936 1.5035256142728 1
0.895565012935549 0.882768566720188 1
0.43795751594007 0.308658497873694 1
1.50472377194092 0.26973133534193 1
1.98013973748311 0.877142688725144 1
1.0804477063939 0.510046260431409 1
0.950214175973088 0.529720212332904 1
1.75126317702234 0.706603697035462 1
4.43425888381898 3.43558097584173 1
4.7030376913026 4.81652257172391 1
4.80881404597312 3.8837907621637 1
4.3439005012624 4.505618004594 1
3.78224216355011 4.54977957904339 1
4.7598161380738 3.66156367445365 1
4.53362348210067 3.41418693121523 1
4.13643379090354 4.52860197564587 1
3.34238654049113 4.49141364824027 1
3.8108790339902 3.8598607853055 1
3.77770728711039 3.92729391716421 1
3.21318019554019 4.46031061001122 1
3.37362164305523 3.06125192018226 1
4.63659903872758 3.93120897375047 1
3.36842149402946 4.08822631649673 1
3.82085512951016 4.53051121160388 1
4.1368146953173 3.52033071871847 1
3.59028654918075 4.65714797005057 1
4.48156941356137 3.08904903335497 1
3.3515861206688 4.70684922207147 1
3.93505679117516 4.21840647701174 1
4.91445824457332 3.6425898228772 1
4.75052037881687 3.6370423771441 1
4.99455992970616 3.62737107789144 1
3.54828954674304 3.92659953469411 1
3.4244927209802 4.74880250263959 1
3.40935762226582 4.96356744505465 1
4.02574790129438 4.21675208583474 1
4.63388824043795 3.59706931887195 1
3.98511391086504 3.77605100674555 1
4.70105441706255 3.7783040991053 1
3.28323096781969 3.82101290486753 1
3.25807016389444 4.89614060753956 1
3.27271625865251 3.60699863545597 1
4.72344350488856 3.973341667559 1
4.13997908821329 3.93657334288582 1
3.1832309816964 3.83271173993126 1
4.34489887021482 3.86336147552356 1
4.50075435917825 4.62547985138372 1
3.2400264008902 4.66232872614637 1
4.59010802628472 4.63246548222378 1
4.50126459728926 4.41597995348275 1
3.44571630330756 4.8296410785988 1
3.44373938813806 4.13860794575885 1
3.65499497111887 4.77886967547238 1
3.23802359215915 4.74530873261392 1
4.6986141805537 4.22846320318058 1
3.31132476869971 3.19947491586208 1
4.34588626725599 3.05996515182778 1
4.04483760287985 4.09474648302421 1
4.19411592418328 4.91245620092377 1
3.77647001715377 3.67387319076806 1
4.0239485912025 3.71647955989465 1
4.282141902484 4.95495974970981 1
3.76666157599539 4.34917682455853 1
4.24022410064936 3.90122353099287 1
3.00248323148116 3.14397360663861 1
3.9857389931567 3.01560504268855 1
4.17892857315019 3.58147028507665 1
4.00504419952631 4.64373034099117 1
3.51122082909569 4.81540865032002 1
3.51746232388541 4.21716125542298 1
4.03640282340348 3.21082090539858 1
4.59195508528501 3.87802806356922 1
3.38203201210126 4.55346997035667 1
4.51117796963081 3.19867453118786 1
3.36291284579784 3.73746810527518 1
3.47166015673429 4.98642262350768 1
3.57893850002438 4.58572916779667 1
4.35085964528844 4.41733754612505 1
4.54384673759341 4.88614008203149 1
3.03678654041141 3.13477702159435 1
4.37346975365654 3.19827820220962 1
4.80849434854463 4.24203314352781 1
3.48354433616623 3.00409144815058 1
3.91268203500658 4.91645252890885 1
4.33221251843497 4.32261475222185 1
4.88725454965606 4.05479101836681 1
3.24991036159918 3.84221904631704 1
4.95472519891337 4.7382664126344 1
4.86373374192044 3.1857799529098 1
4.54828323004767 3.91890688845888 1
4.41529586724937 3.44576427899301 1
3.88143575051799 3.21340723522007 1
3.79754379345104 4.7703171200119 1
3.57150277681649 4.0145549280569 1
3.08671880373731 4.70105990767479 1
3.03573278477415 3.13123933505267 1
3.80570523720235 3.35643853526562 1
4.0167176136747 4.23279864341021 1
4.93832987453789 3.42319428129122 1
3.07967977691442 4.16563552757725 1
4.08291750308126 4.942906383425 1
3.84768568398431 4.48488503973931 1
3.39342669956386 4.6338203465566 1
4.06102359015495 3.09064011787996 1
4.71418543579057 4.95353205315769 1
4.03058795491233 3.76806476246566 1
4.54331930587068 4.10181380109861 1
3.8431759220548 3.9392766058445 1
